txcount,rxcount,offeredload,througput
   667,   475,  0,025,  0,016,    39 
   880,   637,  0,033,  0,022,   113 
  2891,  2450,  0,104,  0,085,   250 
  2466,  1991,  0,090,  0,069,   388 
  3446,  2924,  0,122,  0,100,   601 
  5230,  4697,  0,185,  0,163,   893 
  5043,  4732,  0,175,  0,162,  1208 
  5679,  5050,  0,201,  0,175,  1435 
  6009,  5769,  0,210,  0,200,  1820 
  4998,  4918,  0,173,  0,170,  2347 
  5595,  5403,  0,192,  0,185,  2741 
  4930,  4860,  0,169,  0,166,  3357 
  5123,  5026,  0,178,  0,175,  3742 
  4828,  4768,  0,162,  0,160,  4293 