txcount,rxcount,offeredload,througput
  1094,  1087,  0,038,  0,038,   158 
  1259,  1248,  0,044,  0,043,   456 
  1745,  1743,  0,061,  0,061,   954 
  2146,  2144,  0,073,  0,073,  1411 
  3150,  3146,  0,109,  0,109,  2355 
  4035,  4025,  0,140,  0,140,  3302 
  4065,  4061,  0,141,  0,141,  3906 
  4121,  4112,  0,141,  0,140,  4734 
  4482,  4478,  0,156,  0,155,  5566 
  4141,  4133,  0,144,  0,144,  5771 
  4044,  4038,  0,140,  0,140,  6184 
  4257,  4253,  0,145,  0,145,  6862 
  4625,  4607,  0,158,  0,157,  7931