txcount,rxcount,offeredload,througput
   169,   169,  0,006,  0,006 
  2266,  2155,  0,080,  0,075 
  3439,  3130,  0,123,  0,109 
  3684,  3240,  0,132,  0,113 
  4068,  3538,  0,146,  0,123 
  4174,  3521,  0,151,  0,122 
  4310,  3612,  0,157,  0,125 
  5703,  4951,  0,198,  0,166 
  5362,  4471,  0,194,  0,155 
  5773,  4797,  0,206,  0,164 
  6254,  5196,  0,226,  0,180 
  6820,  5724,  0,245,  0,199 
  6535,  5396,  0,236,  0,187 
  6685,  5505,  0,243,  0,191 
  6687,  5443,  0,240,  0,186 
  7213,  5954,  0,261,  0,207 