ttxcount,trxcount,offeredload,througput,txcount,rxcount,ctrtxcount,ctrrxcount
  1044,  1043,  0.124,  0.109,  1180,  1037,     6,     6 
  1133,  1133,  0.182,  0.118,  1724,  1106,    27,    27 
  1156,  1154,  0.239,  0.120,  2224,  1081,    72,    72 
  1185,  1184,  0.287,  0.123,  2604,  1033,   150,   150 
  1207,  1207,  0.318,  0.126,  2779,   937,   270,   270 
  1192,  1192,  0.322,  0.124,  2646,   750,   441,   441 
  1214,  1214,  0.293,  0.126,  2139,   541,   672,   672 
  1212,  1212,  0.208,  0.126,  1027,   240,   972,   972 
  1202,  1202,  0.125,  0.125,     0,     0,  1202,  1202 
  1196,  1196,  0.125,  0.125,     0,     0,  1196,  1196 