ttxcount,trxcount,offeredload,througput,txcount,rxcount,ctrtxcount,ctrrxcount
   767,   767,  0.166,  0.079,  1591,   754,     4,     4 
   976,   975,  0.284,  0.100,  2712,   944,    12,    12 
  1125,  1125,  0.366,  0.113,  3482,  1053,    29,    29 
  1174,  1173,  0.454,  0.115,  4307,  1057,    49,    49 
  1240,  1240,  0.511,  0.116,  4806,  1021,    97,    97 
  1261,  1259,  0.582,  0.109,  5416,   870,   172,   172 
  1255,  1252,  0.780,  0.108,  7332,   882,   159,   159 
  1295,  1295,  0.847,  0.102,  7888,   741,   242,   242 
  1326,  1326,  0.934,  0.097,  8653,   613,   314,   314 
  1374,  1372,  1.050,  0.094,  9689,   504,   395,   395 