ttxcount,trxcount,offeredload,througput,txcount,rxcount,ctrtxcount,ctrrxcount
  1046,  1046,  0.125,  0.109,  1200,  1044,     2,     2 
  1129,  1129,  0.186,  0.118,  1782,  1126,     3,     3 
  1125,  1125,  0.251,  0.117,  2406,  1121,     4,     4 
  1141,  1141,  0.308,  0.119,  2956,  1136,     5,     5 
  1182,  1182,  0.372,  0.123,  3555,  1170,    12,    12 
  1216,  1215,  0.435,  0.126,  4161,  1200,    14,    14 
  1211,  1211,  0.497,  0.126,  4759,  1194,    16,    16 
  1213,  1213,  0.555,  0.126,  5312,  1195,    18,    18 
  1228,  1227,  0.613,  0.128,  5853,  1197,    30,    30 
  1244,  1244,  0.677,  0.130,  6468,  1211,    33,    33 