ttxcount,trxcount,offeredload,througput,txcount,rxcount,ctrtxcount,ctrrxcount
   906,   912,  0,294,  0,190,  1407,   899,     6,    12 
  1072,  1100,  0,470,  0,229,  2243,  1057,    14,    40 
  1082,  1154,  0,613,  0,240,  2918,  1057,    24,    93 
  1164,  1316,  0,801,  0,274,  3806,  1125,    38,   188 
  1168,  1438,  1,155,  0,299,  5491,  1113,    54,   323 
  1195,  1639,  1,264,  0,341,  5991,  1121,    74,   514 
  1182,  1852,  1,701,  0,384,  8067,  1084,    96,   760 
  1196,  2172,  1,821,  0,450,  8617,  1073,   122,  1089 
  1210,  2556,  2,072,  0,530,  9794,  1056,   150,  1488 
  1210,  3016,  2,458,  0,626, 11616,  1025,   182,  1978 