ttxcount,trxcount,offeredload,througput,txcount,rxcount,ctrtxcount,ctrrxcount
  1201,  1200,  0.256,  0.125,  2454,  1200,     0,     0 
  1198,  1198,  0.370,  0.125,  3550,  1198,     0,     0 
  1200,  1200,  0.510,  0.125,  4897,  1200,     0,     0 
  1215,  1215,  0.614,  0.127,  5891,  1215,     0,     0 
  1230,  1228,  0.748,  0.128,  7183,  1228,     0,     0 
  1207,  1207,  0.888,  0.126,  8525,  1207,     0,     0 
  1222,  1221,  0.994,  0.127,  9545,  1221,     0,     0 
  1224,  1224,  1.125,  0.128, 10799,  1224,     0,     0 
  1233,  1233,  1.216,  0.128, 11669,  1233,     0,     0 
  1227,  1227,  1.370,  0.128, 13154,  1227,     0,     0